V	R	G	B
0.0	0.0	0.0	1.0
0.004166667	0.0	0.0166666666667	1.0
0.008333333	0.0	0.0333333333333	1.0
0.0125	0.0	0.05	1.0
0.016666667	0.0	0.0666666666667	1.0
0.020833333	0.0	0.0833333333333	1.0
0.025	0.0	0.1	1.0
0.029166667	0.0	0.116666666667	1.0
0.033333333	0.0	0.133333333333	1.0
0.0375	0.0	0.15	1.0
0.041666667	0.0	0.166666666667	1.0
0.045833333	0.0	0.183333333333	1.0
0.05	0.0	0.2	1.0
0.054166667	0.0	0.216666666667	1.0
0.058333333	0.0	0.233333333333	1.0
0.0625	0.0	0.25	1.0
0.066666667	0.0	0.266666666667	1.0
0.070833333	0.0	0.283333333333	1.0
0.075	0.0	0.3	1.0
0.079166667	0.0	0.316666666667	1.0
0.083333333	0.0	0.333333333333	1.0
0.0875	0.0	0.35	1.0
0.091666667	0.0	0.366666666667	1.0
0.095833333	0.0	0.383333333333	1.0
0.1	0.0	0.4	1.0
0.104166667	0.0	0.416666666667	1.0
0.108333333	0.0	0.433333333333	1.0
0.1125	0.0	0.45	1.0
0.116666667	0.0	0.466666666667	1.0
0.120833333	0.0	0.483333333333	1.0
0.125	0.0	0.5	1.0
0.129166667	0.0	0.516666666667	1.0
0.133333333	0.0	0.533333333333	1.0
0.1375	0.0	0.55	1.0
0.141666667	0.0	0.566666666667	1.0
0.145833333	0.0	0.583333333333	1.0
0.15	0.0	0.6	1.0
0.154166667	0.0	0.616666666667	1.0
0.158333333	0.0	0.633333333333	1.0
0.1625	0.0	0.65	1.0
0.166666667	0.0	0.666666666667	1.0
0.170833333	0.0	0.683333333333	1.0
0.175	0.0	0.7	1.0
0.179166667	0.0	0.716666666667	1.0
0.183333333	0.0	0.733333333333	1.0
0.1875	0.0	0.75	1.0
0.191666667	0.0	0.766666666667	1.0
0.195833333	0.0	0.783333333333	1.0
0.2	0.0	0.8	1.0
0.204166667	0.0	0.816666666667	1.0
0.208333333	0.0	0.833333333333	1.0
0.2125	0.0	0.85	1.0
0.216666667	0.0	0.866666666667	1.0
0.220833333	0.0	0.883333333333	1.0
0.225	0.0	0.9	1.0
0.229166667	0.0	0.916666666667	1.0
0.233333333	0.0	0.933333333333	1.0
0.2375	0.0	0.95	1.0
0.241666667	0.0	0.966666666667	1.0
0.245833333	0.0	0.983333333333	1.0
0.25	0.0	1.0	1.0
0.254166667	0.0	1.0	0.983333333333
0.258333333	0.0	1.0	0.966666666667
0.2625	0.0	1.0	0.95
0.266666667	0.0	1.0	0.933333333333
0.270833333	0.0	1.0	0.916666666667
0.275	0.0	1.0	0.9
0.279166667	0.0	1.0	0.883333333333
0.283333333	0.0	1.0	0.866666666667
0.2875	0.0	1.0	0.85
0.291666667	0.0	1.0	0.833333333333
0.295833333	0.0	1.0	0.816666666667
0.3	0.0	1.0	0.8
0.304166667	0.0	1.0	0.783333333333
0.308333333	0.0	1.0	0.766666666667
0.3125	0.0	1.0	0.75
0.316666667	0.0	1.0	0.733333333333
0.320833333	0.0	1.0	0.716666666667
0.325	0.0	1.0	0.7
0.329166667	0.0	1.0	0.683333333333
0.333333333	0.0	1.0	0.666666666667
0.3375	0.0	1.0	0.65
0.341666667	0.0	1.0	0.633333333333
0.345833333	0.0	1.0	0.616666666667
0.35	0.0	1.0	0.6
0.354166667	0.0	1.0	0.583333333333
0.358333333	0.0	1.0	0.566666666667
0.3625	0.0	1.0	0.55
0.366666667	0.0	1.0	0.533333333333
0.370833333	0.0	1.0	0.516666666667
0.375	0.0	1.0	0.5
0.379166667	0.0	1.0	0.483333333333
0.383333333	0.0	1.0	0.466666666667
0.3875	0.0	1.0	0.45
0.391666667	0.0	1.0	0.433333333333
0.395833333	0.0	1.0	0.416666666667
0.4	0.0	1.0	0.4
0.404166667	0.0	1.0	0.383333333333
0.408333333	0.0	1.0	0.366666666667
0.4125	0.0	1.0	0.35
0.416666667	0.0	1.0	0.333333333333
0.420833333	0.0	1.0	0.316666666667
0.425	0.0	1.0	0.3
0.429166667	0.0	1.0	0.283333333333
0.433333333	0.0	1.0	0.266666666667
0.4375	0.0	1.0	0.25
0.441666667	0.0	1.0	0.233333333333
0.445833333	0.0	1.0	0.216666666667
0.45	0.0	1.0	0.2
0.454166667	0.0	1.0	0.183333333333
0.458333333	0.0	1.0	0.166666666667
0.4625	0.0	1.0	0.15
0.466666667	0.0	1.0	0.133333333333
0.470833333	0.0	1.0	0.116666666667
0.475	0.0	1.0	0.1
0.479166667	0.0	1.0	0.0833333333333
0.483333333	0.0	1.0	0.0666666666667
0.4875	0.0	1.0	0.05
0.491666667	0.0	1.0	0.0333333333333
0.495833333	0.0	1.0	0.0166666666667
0.5	0.0	1.0	0.0
0.504166667	0.0166666666667	1.0	0.0
0.508333333	0.0333333333333	1.0	0.0
0.5125	0.05	1.0	0.0
0.516666667	0.0666666666667	1.0	0.0
0.520833333	0.0833333333333	1.0	0.0
0.525	0.1	1.0	0.0
0.529166667	0.116666666667	1.0	0.0
0.533333333	0.133333333333	1.0	0.0
0.5375	0.15	1.0	0.0
0.541666667	0.166666666667	1.0	0.0
0.545833333	0.183333333333	1.0	0.0
0.55	0.2	1.0	0.0
0.554166667	0.216666666667	1.0	0.0
0.558333333	0.233333333333	1.0	0.0
0.5625	0.25	1.0	0.0
0.566666667	0.266666666667	1.0	0.0
0.570833333	0.283333333333	1.0	0.0
0.575	0.3	1.0	0.0
0.579166667	0.316666666667	1.0	0.0
0.583333333	0.333333333333	1.0	0.0
0.5875	0.35	1.0	0.0
0.591666667	0.366666666667	1.0	0.0
0.595833333	0.383333333333	1.0	0.0
0.6	0.4	1.0	0.0
0.604166667	0.416666666667	1.0	0.0
0.608333333	0.433333333333	1.0	0.0
0.6125	0.45	1.0	0.0
0.616666667	0.466666666667	1.0	0.0
0.620833333	0.483333333333	1.0	0.0
0.625	0.5	1.0	0.0
0.629166667	0.516666666667	1.0	0.0
0.633333333	0.533333333333	1.0	0.0
0.6375	0.55	1.0	0.0
0.641666667	0.566666666667	1.0	0.0
0.645833333	0.583333333333	1.0	0.0
0.65	0.6	1.0	0.0
0.654166667	0.616666666667	1.0	0.0
0.658333333	0.633333333333	1.0	0.0
0.6625	0.65	1.0	0.0
0.666666667	0.666666666667	1.0	0.0
0.670833333	0.683333333333	1.0	0.0
0.675	0.7	1.0	0.0
0.679166667	0.716666666667	1.0	0.0
0.683333333	0.733333333333	1.0	0.0
0.6875	0.75	1.0	0.0
0.691666667	0.766666666667	1.0	0.0
0.695833333	0.783333333333	1.0	0.0
0.7	0.8	1.0	0.0
0.704166667	0.816666666667	1.0	0.0
0.708333333	0.833333333333	1.0	0.0
0.7125	0.85	1.0	0.0
0.716666667	0.866666666667	1.0	0.0
0.720833333	0.883333333333	1.0	0.0
0.725	0.9	1.0	0.0
0.729166667	0.916666666667	1.0	0.0
0.733333333	0.933333333333	1.0	0.0
0.7375	0.95	1.0	0.0
0.741666667	0.966666666667	1.0	0.0
0.745833333	0.983333333333	1.0	0.0
0.75	1.0	1.0	0.0
0.754166667	1.0	0.983333333333	0.0
0.758333333	1.0	0.966666666667	0.0
0.7625	1.0	0.95	0.0
0.766666667	1.0	0.933333333333	0.0
0.770833333	1.0	0.916666666667	0.0
0.775	1.0	0.9	0.0
0.779166667	1.0	0.883333333333	0.0
0.783333333	1.0	0.866666666667	0.0
0.7875	1.0	0.85	0.0
0.791666667	1.0	0.833333333333	0.0
0.795833333	1.0	0.816666666667	0.0
0.8	1.0	0.8	0.0
0.804166667	1.0	0.783333333333	0.0
0.808333333	1.0	0.766666666667	0.0
0.8125	1.0	0.75	0.0
0.816666667	1.0	0.733333333333	0.0
0.820833333	1.0	0.716666666667	0.0
0.825	1.0	0.7	0.0
0.829166667	1.0	0.683333333333	0.0
0.833333333	1.0	0.666666666667	0.0
0.8375	1.0	0.65	0.0
0.841666667	1.0	0.633333333333	0.0
0.845833333	1.0	0.616666666667	0.0
0.85	1.0	0.6	0.0
0.854166667	1.0	0.583333333333	0.0
0.858333333	1.0	0.566666666667	0.0
0.8625	1.0	0.55	0.0
0.866666667	1.0	0.533333333333	0.0
0.870833333	1.0	0.516666666667	0.0
0.875	1.0	0.5	0.0
0.879166667	1.0	0.483333333333	0.0
0.883333333	1.0	0.466666666667	0.0
0.8875	1.0	0.45	0.0
0.891666667	1.0	0.433333333333	0.0
0.895833333	1.0	0.416666666667	0.0
0.9	1.0	0.4	0.0
0.904166667	1.0	0.383333333333	0.0
0.908333333	1.0	0.366666666667	0.0
0.9125	1.0	0.35	0.0
0.916666667	1.0	0.333333333333	0.0
0.920833333	1.0	0.316666666667	0.0
0.925	1.0	0.3	0.0
0.929166667	1.0	0.283333333333	0.0
0.933333333	1.0	0.266666666667	0.0
0.9375	1.0	0.25	0.0
0.941666667	1.0	0.233333333333	0.0
0.945833333	1.0	0.216666666667	0.0
0.95	1.0	0.2	0.0
0.954166667	1.0	0.183333333333	0.0
0.958333333	1.0	0.166666666667	0.0
0.9625	1.0	0.15	0.0
0.966666667	1.0	0.133333333333	0.0
0.970833333	1.0	0.116666666667	0.0
0.975	1.0	0.1	0.0
0.979166667	1.0	0.0833333333333	0.0
0.983333333	1.0	0.0666666666667	0.0
0.9875	1.0	0.05	0.0
0.991666667	1.0	0.0333333333333	0.0
0.995833333	1.0	0.0166666666667	0.0
1.0	1.0	0.0	0.0
